129,223,38
183,157,156
153,250,193
18,214,97
122,159,83
51,105,12
132,141,188
223,102,53
11,39,63
184,157,231
34,187,67
186,127,162
11,28,184
54,38,179
130,217,147
125,167,207
83,13,159
160,8,88
49,38,97
69,102,232
178,30,217
131,168,64
138,92,68
249,38,197
171,58,10
172,219,222
252,60,159
188,252,171
192,39,100
26,216,176
249,206,188
251,140,90
20,8,19
55,43,33
89,41,230
153,196,84
39,225,207
45,211,26
90,184,112
36,48,75
190,106,168
197,249,255
145,187,203
137,40,46
37,68,76
139,227,239
187,136,46
213,134,221
96,36,189
114,76,206
179,149,164
195,34,229
119,197,217
37,147,98
179,216,242
171,225,189
69,226,210
70,249,36
97,25,81
63,45,43
43,64,127
142,156,223
90,32,161
12,253,64
127,236,85
157,210,81
133,114,174
64,50,14
140,115,166
128,68,235
165,54,197
102,79,228
194,110,24
163,15,253
147,75,5
8,117,33
215,50,9
184,103,217
239,102,210
18,27,28
157,175,83
121,50,117
18,242,0
170,183,129
138,179,181
200,82,44
164,253,135
232,196,177
60,164,244
160,201,151
168,33,250
67,15,61
158,163,36
163,16,154
57,138,98
253,219,99
226,176,45
175,183,131
250,145,164
22,39,216
